3.24961881971e-07
3.24961911797e-07
3.24961940228e-07
3.24961967287e-07
3.24961992996e-07
3.24962017376e-07
3.2496204045e-07
3.24962062239e-07
3.24962082767e-07
3.24962102054e-07
3.24962120122e-07
3.24962136995e-07
3.24962152693e-07
3.24962167239e-07
3.24962180654e-07
3.24962192962e-07
3.24962204183e-07
3.2496221434e-07
3.24962223455e-07
3.2496223155e-07
3.24962238647e-07
3.24962244768e-07
3.24962249935e-07
3.24962254169e-07
3.24962257494e-07
3.2496225993e-07
3.24962261501e-07
3.24962262227e-07
3.24962262132e-07
3.24962261237e-07
3.24962259563e-07
3.24962257134e-07
3.24962253971e-07
3.24962250096e-07
3.24962245531e-07
3.24962240299e-07
3.2496223442e-07
3.24962227918e-07
3.24962220813e-07
3.24962213129e-07
3.24962204888e-07
3.2496219611e-07
3.24962186819e-07
3.24962177036e-07
3.24962166784e-07
3.24962156083e-07
3.24962144957e-07
3.24962133428e-07
3.24962121517e-07
3.24962109246e-07
3.24962096637e-07
3.24962083713e-07
3.24962070496e-07
3.24962057007e-07
3.24962043268e-07
3.24962029302e-07
3.2496201513e-07
3.24962000775e-07
3.24961986259e-07
3.24961971603e-07
3.24961956829e-07
3.2496194196e-07
3.24961927018e-07
3.24961912024e-07
3.24961897002e-07
3.24961881971e-07
3.24961866956e-07
3.24961851977e-07
3.24961837056e-07
3.24961822217e-07
3.2496180748e-07
3.24961792868e-07
3.24961778403e-07
3.24961764107e-07
3.24961750001e-07
3.24961736108e-07
3.2496172245e-07
3.24961709049e-07
3.24961695927e-07
3.24961683106e-07
3.24961670608e-07
3.24961658454e-07
3.24961646668e-07
3.2496163527e-07
3.24961624284e-07
3.2496161373e-07
3.24961603632e-07
3.2496159401e-07
3.24961584888e-07
3.24961576287e-07
3.24961568228e-07
3.24961560735e-07
3.24961553829e-07
3.24961547532e-07
3.24961541867e-07
3.24961536854e-07
3.24961532517e-07
3.24961528877e-07
3.24961525956e-07
3.24961523776e-07
3.2496152236e-07
3.24961521728e-07
3.24961521905e-07
3.2496152291e-07
3.24961524767e-07
3.24961527497e-07
3.24961531122e-07
3.24961535665e-07
3.24961541148e-07
3.24961547591e-07
3.24961555018e-07
3.24961563451e-07
3.24961572911e-07
3.2496158342e-07
3.24961595001e-07
3.24961607676e-07
3.24961621466e-07
3.24961636393e-07
3.2496165248e-07
3.24961669749e-07
3.24961688221e-07
3.24961707919e-07
3.24961728865e-07
3.2496175108e-07
3.24961774587e-07
3.24961799407e-07
3.24961825564e-07
3.24961853078e-07
3.24961881971e-07
3.24961912144e-07
3.24961943006e-07
3.24961973843e-07
3.24962003942e-07
3.2496203259e-07
3.24962059075e-07
3.24962082682e-07
3.24962102699e-07
3.24962118413e-07
3.2496212911e-07
3.24962134078e-07
3.24962132602e-07
3.24962123971e-07
3.24962107471e-07
3.24962082388e-07
3.2496204801e-07
3.24962003623e-07
3.24961948515e-07
3.24961881971e-07
3.24961806425e-07
3.24961736888e-07
3.24961691517e-07
3.24961688469e-07
3.24961745901e-07
3.24961881971e-07
3.24961881971e-07
3.249608978e-07
3.24959040741e-07
3.24956720143e-07
3.24954345351e-07
3.24952325713e-07
3.24951070576e-07
3.24950989286e-07
3.24952491191e-07
3.24955985637e-07
3.24961881971e-07
3.2496924903e-07
3.24971793603e-07
3.24961881971e-07
3.24934700263e-07
3.24896714005e-07
3.24857208574e-07
3.24825469344e-07
3.24810781694e-07
3.24822430997e-07
3.24869702631e-07
3.24961881971e-07
3.2509892051e-07
3.25243434203e-07
3.25348705124e-07
3.25368015344e-07
3.25254646935e-07
3.24961881971e-07
3.24961881971e-07
3.24961881971e-07
3.19749106197e-07
3.24961881971e-07
3.54664706278e-07
3.92935207365e-07
4.163542963e-07
4.01502884146e-07
3.24961881971e-07
3.24961881972e-07
6.49923763942e-07
3.24961881971e-07
3.24961881971e-07
3.5235008654e-07
3.24961881971e-07
3.24961881971e-07
3.30233266615e-07
3.31368189216e-07
3.29299958195e-07
3.24961881971e-07
3.19332529291e-07
3.13571510207e-07
3.08883695097e-07
3.0647395434e-07
3.07547158315e-07
3.13308177399e-07
3.24961881971e-07
3.24961881971e-07
2.73746508259e-07
3.24961881972e-07
5.71330806549e-07
6.49923763942e-07
3.2496188197e-07
1.63123746496e-07
3.24961881972e-07
6.49923763943e-07
6.49923763942e-07
7.03808417422e-07
6.49923763942e-07
3.2496188197e-07
3.24961881972e-07
6.49923763942e-07
3.24961881971e-07
6.49923763942e-07
3.24961881971e-07
6.49923763943e-07
3.2496188197e-07
3.24961881971e-07
3.24961881973e-07
9.74885645914e-07
3.24961881969e-07
1.21250260937e-07
3.24961881972e-07
3.24961881971e-07
3.24961881971e-07
3.24961881971e-07
3.24961881972e-07
6.49923763943e-07
4.86514018385e-07
3.24961881972e-07
6.49923763943e-07
6.49923763942e-07
6.49923763942e-07
6.49923763944e-07
1.29984752789e-06
1.01810237505e-06
3.2496188197e-07
3.24961881973e-07
1.14105853169e-06
1.29984752788e-06
3.24961881971e-07
1.47633688401e-06
2.59969505577e-06
1.62480940985e-06
1.62480940986e-06
1.29984752789e-06
1.94977129183e-06
6.49923763941e-07
1.62480940986e-06
1.62480940985e-06
1.29984752788e-06
1.62480940986e-06
2.2747331738e-06
1.62480940986e-06
2.2747331738e-06
2.92465693774e-06
1.62480940986e-06
4.5494663476e-06
3.89954258365e-06
2.27473317379e-06
2.27473317381e-06
3.89954258365e-06
2.59969505578e-06
5.84931387548e-06
2.59969505576e-06
1.94977129184e-06
4.5494663476e-06
3.24961881971e-06
3.57458070169e-06
4.22450446563e-06
4.22450446563e-06
3.89954258365e-06
4.22450446563e-06
6.8241995214e-06
6.8241995214e-06
9.0989326952e-06
8.12404704928e-06
9.09893269521e-06
1.1698627751e-05
1.1373665869e-05
1.46232846887e-05
1.23485515149e-05
2.07975604462e-05
1.81978653904e-05
2.14474842101e-05
2.2747331738e-05
2.72967980856e-05
2.53470267937e-05
2.17724460921e-05
3.4445959489e-05
3.89954258366e-05
4.28949684202e-05
5.03690917056e-05
5.75182531089e-05
5.6868329345e-05
7.18165759157e-05
7.63660422633e-05
9.0989326952e-05
0.000105937573523
0.000102687954703
0.000125435286441
0.000156956588992
0.00018132873014
0.000214149880219
0.000251520496646
0.000319437529978
0.000387679525192
0.000455271596642
0.000562509017693
0.000703542474469
0.000910543193284
0.00108114818132
0.00147662679168
0.00193124846456
0.00247263495992
0.00339520174284
0.00465247926419
0.00652815924693
0.00931048288037
0.0136370253769
0.0206285802676
0.0321081837101
0.0517985990245
0.0859065981562
0.140650001755
0.237395378522
0.14055608777
0.0859569672476
0.0519224095012
0.0323135596194
0.0208300566343
0.0138414264007
0.00933517998337
0.00658372772873
0.00469114972813
0.0034192489221
0.00249148274907
0.00191760006551
0.00143503167078
0.00114029124384
0.000856924482757
0.000687294380369
0.000565758636511
0.000455271596641
0.000383130058844
0.00031326325422
0.000248270877826
0.000208950490107
0.000185878196487
0.000151432236998
0.000137783837956
0.000116011391864
0.000105937573523
9.68386408274e-05
8.70897843682e-05
6.33675669843e-05
5.75182531089e-05
5.03690917055e-05
4.74444347678e-05
3.99703114824e-05
3.3471073843e-05
3.18462644332e-05
2.63219124396e-05
2.04725985642e-05
1.75479416265e-05
2.17724460921e-05
2.2097407974e-05
2.11225223281e-05
1.20235896329e-05
1.1698627751e-05
1.29984752788e-05
1.03987802231e-05
1.1373665869e-05
1.00738183411e-05
8.77397081322e-06
8.12404704928e-06
7.14916140336e-06
4.87442822956e-06
4.22450446562e-06
4.22450446564e-06
6.17427575745e-06
2.59969505576e-06
4.87442822959e-06
5.5243519935e-06
3.57458070169e-06
5.84931387549e-06
3.24961881969e-06
1.94977129184e-06
5.52435199351e-06
1.29984752787e-06
2.92465693776e-06
3.89954258365e-06
1.29984752787e-06
9.74885645919e-07
1.94977129183e-06
1.94977129183e-06
1.94977129183e-06
1.94977129182e-06
9.7488564591e-07
9.74885645914e-07
9.74885645917e-07
1.62480940986e-06
6.49923763938e-07
6.49923763943e-07
5.04629968587e-07
3.24961881972e-07
6.49923763945e-07
9.74885645915e-07
9.38249774128e-07
6.4992376394e-07
3.39428076595e-07
3.24961881973e-07
7.50555562967e-07
9.74885645913e-07
5.17272019951e-07
3.24961881974e-07
9.74885645916e-07
8.32264500536e-07
3.24961881969e-07
3.24961881973e-07
6.49923763944e-07
8.02268840899e-07
6.49923763941e-07
3.2496188197e-07
3.24961881972e-07
3.24298906597e-07
3.24961881972e-07
4.44442944131e-07
6.49923763944e-07
8.63206489872e-07
9.74885645914e-07
9.03121708594e-07
7.07546589007e-07
4.83160056887e-07
3.24961881971e-07
2.95180858903e-07
3.24961881971e-07
3.33710887708e-07
3.24961881971e-07
3.18852123066e-07
3.17803809746e-07
3.19810375879e-07
3.22865255332e-07
3.24961881971e-07
3.24961881971e-07
3.24657596502e-07
3.2454134212e-07
3.2456338115e-07
3.24673975918e-07
3.2482338875e-07
3.24961881971e-07
3.25049963566e-07
3.25089124159e-07
3.25091100031e-07
3.25067627466e-07
3.25030442746e-07
3.24991282154e-07
3.24961881971e-07
3.24950729417e-07
3.24953315452e-07
3.24961881971e-07
3.24969985819e-07
3.24976443625e-07
3.2498138697e-07
3.24984947433e-07
3.24987256591e-07
3.24988446023e-07
3.24988647309e-07
3.24987992027e-07
3.24986611756e-07
3.24984638075e-07
3.24982202562e-07
3.24979436796e-07
3.24976472356e-07
3.2497344082e-07
3.24970473769e-07
3.24967702779e-07
3.2496525943e-07
3.24963275302e-07
3.24961881971e-07
3.24961159014e-07
3.24960977984e-07
3.24961158433e-07
3.24961519912e-07
3.24961881971e-07
3.24962100831e-07
3.2496217939e-07
3.24962157216e-07
3.24962073876e-07
3.24961968939e-07
3.24961881971e-07
3.24961842804e-07
3.24961842319e-07
3.2496186166e-07
3.24961881971e-07
3.24961888908e-07
3.24961886171e-07
3.24961881971e-07
3.24961881971e-07
3.24961882822e-07
3.24961883377e-07
3.24961883676e-07
3.24961883759e-07
3.24961883667e-07
3.24961883438e-07
3.24961883114e-07
3.24961882735e-07
3.24961882341e-07
3.24961881971e-07
3.24961881659e-07
3.24961881408e-07
3.24961881213e-07
3.24961881069e-07
3.24961880972e-07
3.24961880917e-07
3.249618809e-07
3.24961880916e-07
3.24961880961e-07
3.24961881029e-07
3.24961881117e-07
3.2496188122e-07
3.24961881333e-07
3.24961881452e-07
3.24961881572e-07
3.24961881688e-07
3.24961881797e-07
3.24961881893e-07
3.24961881971e-07
3.24961882029e-07
3.24961882068e-07
3.2496188209e-07
3.24961882097e-07
3.24961882093e-07
3.24961882078e-07
3.24961882056e-07
3.2496188203e-07
3.24961882001e-07
3.24961881971e-07
3.24961881944e-07
3.24961881919e-07
3.24961881896e-07
3.24961881875e-07
3.24961881856e-07
3.24961881839e-07
3.24961881824e-07
3.24961881811e-07
3.249618818e-07
3.24961881791e-07
3.24961881783e-07
3.24961881777e-07
3.24961881773e-07
3.2496188177e-07
3.24961881768e-07
3.24961881768e-07
3.2496188177e-07
3.24961881772e-07
3.24961881776e-07
3.24961881781e-07
3.24961881787e-07
3.24961881794e-07
3.24961881802e-07
3.24961881811e-07
3.24961881821e-07
3.24961881832e-07
3.24961881844e-07
3.24961881856e-07
3.24961881869e-07
3.24961881882e-07
3.24961881896e-07
3.2496188191e-07
3.24961881925e-07
3.2496188194e-07
3.24961881956e-07
3.24961881971e-07
3.24961881987e-07
3.24961882003e-07
3.24961882019e-07
3.24961882035e-07
3.2496188205e-07
3.24961882066e-07
3.24961882082e-07
3.24961882097e-07
3.24961882112e-07
3.24961882126e-07
3.2496188214e-07
3.24961882154e-07
3.24961882167e-07
3.24961882179e-07
3.24961882191e-07
3.24961882202e-07
3.24961882212e-07
3.24961882222e-07
3.2496188223e-07
3.24961882238e-07
3.24961882244e-07
3.24961882249e-07
3.24961882254e-07
3.24961882257e-07
3.24961882258e-07
3.24961882259e-07
3.24961882258e-07
3.24961882255e-07
3.24961882252e-07
3.24961882246e-07
3.24961882239e-07
3.2496188223e-07
3.2496188222e-07
3.24961882207e-07
3.24961882193e-07
3.24961882177e-07
3.24961882159e-07
3.24961882138e-07
3.24961882116e-07
3.24961882092e-07
3.24961882065e-07
3.24961882036e-07
3.24961882005e-07
3.24961881971e-07
3.24961881935e-07
3.24961881896e-07
3.24961881855e-07
3.24961881811e-07
3.24961881765e-07
3.24961881716e-07
3.24961881663e-07
3.24961881608e-07
3.2496188155e-07
3.2496188149e-07
3.24961881426e-07
3.24961881358e-07
3.24961881288e-07
3.24961881215e-07
3.24961881138e-07
3.24961881058e-07
3.24961880974e-07
3.24961880887e-07
3.24961880797e-07
3.24961880703e-07
3.24961880605e-07
3.24961880503e-07
3.24961880398e-07
3.24961880289e-07
3.24961880176e-07
3.24961880059e-07
3.24961879938e-07
3.24961879813e-07
3.24961879684e-07
3.24961879551e-07
3.24961879413e-07
3.24961879271e-07
3.24961879125e-07
3.24961878975e-07
3.2496187882e-07
3.2496187866e-07
3.24961878496e-07
3.24961878327e-07
3.24961878153e-07
3.24961877975e-07
3.24961877792e-07
3.24961877603e-07
3.2496187741e-07
3.24961877212e-07
